{
 "cells": [
  {
   "cell_type": "code",
   "execution_count": 211,
   "metadata": {},
   "outputs": [],
   "source": [
    "#imports\n",
    "import numpy as np\n",
    "import pandas as pd\n",
    "import quandl \n",
    "import matplotlib.pyplot as plt\n",
    "%matplotlib inline\n",
    "#quandl key for obtaining stock data\n",
    "quandl.ApiConfig.api_key = \"ENTER KEY HERE\""
   ]
  },
  {
   "cell_type": "raw",
   "metadata": {},
   "source": []
  },
  {
   "cell_type": "code",
   "execution_count": 212,
   "metadata": {},
   "outputs": [],
   "source": [
    "#start and end dates for stock data\n",
    "start = pd.to_datetime('2017-01-01')\n",
    "end = pd.to_datetime('2018-01-01')\n"
   ]
  },
  {
   "cell_type": "code",
   "execution_count": 213,
   "metadata": {},
   "outputs": [],
   "source": [
    "#receiving data through quandl\n",
    "aapl = quandl.get('WIKI/AAPL.11',start_date=start,end_date=end)\n",
    "adbe = quandl.get('WIKI/ADBE.11',start_date=start,end_date=end)\n",
    "amd = quandl.get('WIKI/AMD.11',start_date=start,end_date=end)\n",
    "csco = quandl.get('WIKI/CSCO.11',start_date=start,end_date=end)\n",
    "fisv = quandl.get('WIKI/FISV.11',start_date=start,end_date=end)\n",
    "ibm = quandl.get('WIKI/IBM.11',start_date=start,end_date=end)\n",
    "intc = quandl.get('WIKI/INTC.11',start_date=start,end_date=end)\n",
    "lrcx = quandl.get('WIKI/LRCX.11',start_date=start,end_date=end)\n",
    "msft = quandl.get('WIKI/MSFT.11',start_date=start,end_date=end)\n",
    "mu = quandl.get('WIKI/MU.11',start_date=start,end_date=end)\n",
    "orcl = quandl.get('WIKI/ORCL.11',start_date=start,end_date=end)\n",
    "qcom = quandl.get('WIKI/QCOM.11',start_date=start,end_date=end)\n",
    "txn = quandl.get('WIKI/TXN.11',start_date=start,end_date=end)\n",
    "nvda = quandl.get('WIKI/NVDA.11',start_date=start,end_date=end)\n",
    "fis = quandl.get('WIKI/FIS.11',start_date=start,end_date=end)\n",
    "crm = quandl.get('WIKI/CRM.11',start_date=start,end_date=end)\n",
    "avgo = quandl.get('WIKI/AVGO.11',start_date=start,end_date=end)\n",
    "now = quandl.get('WIKI/NOW.11',start_date=start,end_date=end)\n",
    "\n"
   ]
  },
  {
   "cell_type": "code",
   "execution_count": null,
   "metadata": {},
   "outputs": [],
   "source": [
    "#creates DataFrame named stocks with all stock data"
   ]
  },
  {
   "cell_type": "code",
   "execution_count": 242,
   "metadata": {},
   "outputs": [],
   "source": [
    "stocks = pd.concat([aapl,adbe,amd,csco, fisv, ibm, intc, lrcx, msft, mu, orcl, qcom, txn, nvda, fis, crm, avgo, now],axis=1)\n",
    "stocks.columns = ['aapl','adbe','amd','csco', 'fisv', 'ibm', 'intc', 'lrcx', 'msft', 'mu', 'orcl', 'qcom', 'txn', 'nvda', 'fis', 'crm', 'avgo', 'now']"
   ]
  },
  {
   "cell_type": "code",
   "execution_count": 244,
   "metadata": {},
   "outputs": [
    {
     "data": {
      "text/html": [
       "<div>\n",
       "<style scoped>\n",
       "    .dataframe tbody tr th:only-of-type {\n",
       "        vertical-align: middle;\n",
       "    }\n",
       "\n",
       "    .dataframe tbody tr th {\n",
       "        vertical-align: top;\n",
       "    }\n",
       "\n",
       "    .dataframe thead th {\n",
       "        text-align: right;\n",
       "    }\n",
       "</style>\n",
       "<table border=\"1\" class=\"dataframe\">\n",
       "  <thead>\n",
       "    <tr style=\"text-align: right;\">\n",
       "      <th></th>\n",
       "      <th>aapl</th>\n",
       "      <th>adbe</th>\n",
       "      <th>amd</th>\n",
       "      <th>csco</th>\n",
       "      <th>fisv</th>\n",
       "      <th>ibm</th>\n",
       "      <th>intc</th>\n",
       "      <th>lrcx</th>\n",
       "      <th>msft</th>\n",
       "      <th>mu</th>\n",
       "      <th>orcl</th>\n",
       "      <th>qcom</th>\n",
       "      <th>txn</th>\n",
       "      <th>nvda</th>\n",
       "      <th>fis</th>\n",
       "      <th>crm</th>\n",
       "      <th>avgo</th>\n",
       "      <th>now</th>\n",
       "    </tr>\n",
       "    <tr>\n",
       "      <th>Date</th>\n",
       "      <th></th>\n",
       "      <th></th>\n",
       "      <th></th>\n",
       "      <th></th>\n",
       "      <th></th>\n",
       "      <th></th>\n",
       "      <th></th>\n",
       "      <th></th>\n",
       "      <th></th>\n",
       "      <th></th>\n",
       "      <th></th>\n",
       "      <th></th>\n",
       "      <th></th>\n",
       "      <th></th>\n",
       "      <th></th>\n",
       "      <th></th>\n",
       "      <th></th>\n",
       "      <th></th>\n",
       "    </tr>\n",
       "  </thead>\n",
       "  <tbody>\n",
       "    <tr>\n",
       "      <th>2017-01-03</th>\n",
       "      <td>114.715378</td>\n",
       "      <td>103.48</td>\n",
       "      <td>11.43</td>\n",
       "      <td>29.484966</td>\n",
       "      <td>107.34</td>\n",
       "      <td>160.939852</td>\n",
       "      <td>35.391923</td>\n",
       "      <td>105.982490</td>\n",
       "      <td>61.219142</td>\n",
       "      <td>22.55</td>\n",
       "      <td>38.090088</td>\n",
       "      <td>62.936069</td>\n",
       "      <td>71.752820</td>\n",
       "      <td>101.688849</td>\n",
       "      <td>76.211856</td>\n",
       "      <td>70.54</td>\n",
       "      <td>176.049254</td>\n",
       "      <td>75.66</td>\n",
       "    </tr>\n",
       "    <tr>\n",
       "      <th>2017-01-04</th>\n",
       "      <td>114.586983</td>\n",
       "      <td>104.14</td>\n",
       "      <td>11.43</td>\n",
       "      <td>29.311184</td>\n",
       "      <td>108.65</td>\n",
       "      <td>162.932468</td>\n",
       "      <td>35.208194</td>\n",
       "      <td>106.041775</td>\n",
       "      <td>60.945231</td>\n",
       "      <td>22.36</td>\n",
       "      <td>38.277821</td>\n",
       "      <td>63.003432</td>\n",
       "      <td>71.665055</td>\n",
       "      <td>104.061357</td>\n",
       "      <td>77.459283</td>\n",
       "      <td>72.80</td>\n",
       "      <td>174.795567</td>\n",
       "      <td>78.83</td>\n",
       "    </tr>\n",
       "    <tr>\n",
       "      <th>2017-01-05</th>\n",
       "      <td>115.169696</td>\n",
       "      <td>105.91</td>\n",
       "      <td>11.24</td>\n",
       "      <td>29.379349</td>\n",
       "      <td>108.61</td>\n",
       "      <td>162.393403</td>\n",
       "      <td>35.150174</td>\n",
       "      <td>105.804634</td>\n",
       "      <td>60.945231</td>\n",
       "      <td>22.11</td>\n",
       "      <td>38.179014</td>\n",
       "      <td>63.080418</td>\n",
       "      <td>71.109209</td>\n",
       "      <td>101.419699</td>\n",
       "      <td>77.271179</td>\n",
       "      <td>72.79</td>\n",
       "      <td>172.041404</td>\n",
       "      <td>79.13</td>\n",
       "    </tr>\n",
       "    <tr>\n",
       "      <th>2017-01-06</th>\n",
       "      <td>116.453639</td>\n",
       "      <td>108.30</td>\n",
       "      <td>11.32</td>\n",
       "      <td>29.437777</td>\n",
       "      <td>109.83</td>\n",
       "      <td>163.192375</td>\n",
       "      <td>35.275883</td>\n",
       "      <td>106.318440</td>\n",
       "      <td>61.473488</td>\n",
       "      <td>22.04</td>\n",
       "      <td>37.991281</td>\n",
       "      <td>63.061171</td>\n",
       "      <td>72.308665</td>\n",
       "      <td>102.775418</td>\n",
       "      <td>78.102797</td>\n",
       "      <td>73.80</td>\n",
       "      <td>174.321733</td>\n",
       "      <td>82.10</td>\n",
       "    </tr>\n",
       "    <tr>\n",
       "      <th>2017-01-09</th>\n",
       "      <td>117.520300</td>\n",
       "      <td>108.57</td>\n",
       "      <td>11.49</td>\n",
       "      <td>29.389087</td>\n",
       "      <td>108.10</td>\n",
       "      <td>161.382655</td>\n",
       "      <td>35.401592</td>\n",
       "      <td>107.563433</td>\n",
       "      <td>61.277837</td>\n",
       "      <td>22.34</td>\n",
       "      <td>38.564362</td>\n",
       "      <td>63.176650</td>\n",
       "      <td>72.493947</td>\n",
       "      <td>106.942258</td>\n",
       "      <td>77.261279</td>\n",
       "      <td>73.96</td>\n",
       "      <td>174.696852</td>\n",
       "      <td>82.00</td>\n",
       "    </tr>\n",
       "  </tbody>\n",
       "</table>\n",
       "</div>"
      ],
      "text/plain": [
       "                  aapl    adbe    amd       csco    fisv         ibm  \\\n",
       "Date                                                                   \n",
       "2017-01-03  114.715378  103.48  11.43  29.484966  107.34  160.939852   \n",
       "2017-01-04  114.586983  104.14  11.43  29.311184  108.65  162.932468   \n",
       "2017-01-05  115.169696  105.91  11.24  29.379349  108.61  162.393403   \n",
       "2017-01-06  116.453639  108.30  11.32  29.437777  109.83  163.192375   \n",
       "2017-01-09  117.520300  108.57  11.49  29.389087  108.10  161.382655   \n",
       "\n",
       "                 intc        lrcx       msft     mu       orcl       qcom  \\\n",
       "Date                                                                        \n",
       "2017-01-03  35.391923  105.982490  61.219142  22.55  38.090088  62.936069   \n",
       "2017-01-04  35.208194  106.041775  60.945231  22.36  38.277821  63.003432   \n",
       "2017-01-05  35.150174  105.804634  60.945231  22.11  38.179014  63.080418   \n",
       "2017-01-06  35.275883  106.318440  61.473488  22.04  37.991281  63.061171   \n",
       "2017-01-09  35.401592  107.563433  61.277837  22.34  38.564362  63.176650   \n",
       "\n",
       "                  txn        nvda        fis    crm        avgo    now  \n",
       "Date                                                                    \n",
       "2017-01-03  71.752820  101.688849  76.211856  70.54  176.049254  75.66  \n",
       "2017-01-04  71.665055  104.061357  77.459283  72.80  174.795567  78.83  \n",
       "2017-01-05  71.109209  101.419699  77.271179  72.79  172.041404  79.13  \n",
       "2017-01-06  72.308665  102.775418  78.102797  73.80  174.321733  82.10  \n",
       "2017-01-09  72.493947  106.942258  77.261279  73.96  174.696852  82.00  "
      ]
     },
     "execution_count": 244,
     "metadata": {},
     "output_type": "execute_result"
    }
   ],
   "source": [
    "stocks.head()"
   ]
  },
  {
   "cell_type": "code",
   "execution_count": 245,
   "metadata": {},
   "outputs": [
    {
     "data": {
      "text/plain": [
       "aapl    0.001625\n",
       "adbe    0.002209\n",
       "amd     0.000275\n",
       "csco    0.001100\n",
       "fisv    0.000834\n",
       "ibm    -0.000144\n",
       "intc    0.001126\n",
       "lrcx    0.002365\n",
       "msft    0.001388\n",
       "mu      0.002665\n",
       "orcl    0.000931\n",
       "qcom    0.000216\n",
       "txn     0.001559\n",
       "nvda    0.002903\n",
       "fis     0.000875\n",
       "crm     0.001539\n",
       "avgo    0.001633\n",
       "now     0.002303\n",
       "dtype: float64"
      ]
     },
     "execution_count": 245,
     "metadata": {},
     "output_type": "execute_result"
    }
   ],
   "source": [
    "mean_daily_ret = stocks.pct_change(1).mean()\n",
    "mean_daily_ret"
   ]
  },
  {
   "cell_type": "code",
   "execution_count": 246,
   "metadata": {},
   "outputs": [
    {
     "data": {
      "text/html": [
       "<div>\n",
       "<style scoped>\n",
       "    .dataframe tbody tr th:only-of-type {\n",
       "        vertical-align: middle;\n",
       "    }\n",
       "\n",
       "    .dataframe tbody tr th {\n",
       "        vertical-align: top;\n",
       "    }\n",
       "\n",
       "    .dataframe thead th {\n",
       "        text-align: right;\n",
       "    }\n",
       "</style>\n",
       "<table border=\"1\" class=\"dataframe\">\n",
       "  <thead>\n",
       "    <tr style=\"text-align: right;\">\n",
       "      <th></th>\n",
       "      <th>aapl</th>\n",
       "      <th>adbe</th>\n",
       "      <th>amd</th>\n",
       "      <th>csco</th>\n",
       "      <th>fisv</th>\n",
       "      <th>ibm</th>\n",
       "      <th>intc</th>\n",
       "      <th>lrcx</th>\n",
       "      <th>msft</th>\n",
       "      <th>mu</th>\n",
       "      <th>orcl</th>\n",
       "      <th>qcom</th>\n",
       "      <th>txn</th>\n",
       "      <th>nvda</th>\n",
       "      <th>fis</th>\n",
       "      <th>crm</th>\n",
       "      <th>avgo</th>\n",
       "      <th>now</th>\n",
       "    </tr>\n",
       "  </thead>\n",
       "  <tbody>\n",
       "    <tr>\n",
       "      <th>aapl</th>\n",
       "      <td>1.000000</td>\n",
       "      <td>0.262772</td>\n",
       "      <td>0.295504</td>\n",
       "      <td>0.195150</td>\n",
       "      <td>0.097978</td>\n",
       "      <td>-0.003489</td>\n",
       "      <td>0.330248</td>\n",
       "      <td>0.400128</td>\n",
       "      <td>0.439325</td>\n",
       "      <td>0.382313</td>\n",
       "      <td>0.111107</td>\n",
       "      <td>0.240806</td>\n",
       "      <td>0.453152</td>\n",
       "      <td>0.339320</td>\n",
       "      <td>0.103815</td>\n",
       "      <td>0.362135</td>\n",
       "      <td>0.548736</td>\n",
       "      <td>0.294678</td>\n",
       "    </tr>\n",
       "    <tr>\n",
       "      <th>adbe</th>\n",
       "      <td>0.262772</td>\n",
       "      <td>1.000000</td>\n",
       "      <td>0.205476</td>\n",
       "      <td>0.227441</td>\n",
       "      <td>0.272167</td>\n",
       "      <td>0.060292</td>\n",
       "      <td>0.241701</td>\n",
       "      <td>0.473281</td>\n",
       "      <td>0.531335</td>\n",
       "      <td>0.319176</td>\n",
       "      <td>0.197388</td>\n",
       "      <td>0.206040</td>\n",
       "      <td>0.401419</td>\n",
       "      <td>0.317371</td>\n",
       "      <td>0.264418</td>\n",
       "      <td>0.548691</td>\n",
       "      <td>0.432599</td>\n",
       "      <td>0.480255</td>\n",
       "    </tr>\n",
       "    <tr>\n",
       "      <th>amd</th>\n",
       "      <td>0.295504</td>\n",
       "      <td>0.205476</td>\n",
       "      <td>1.000000</td>\n",
       "      <td>0.107596</td>\n",
       "      <td>0.034699</td>\n",
       "      <td>0.018412</td>\n",
       "      <td>0.120259</td>\n",
       "      <td>0.357637</td>\n",
       "      <td>0.230811</td>\n",
       "      <td>0.365708</td>\n",
       "      <td>0.117800</td>\n",
       "      <td>0.124652</td>\n",
       "      <td>0.413137</td>\n",
       "      <td>0.535992</td>\n",
       "      <td>0.096874</td>\n",
       "      <td>0.274431</td>\n",
       "      <td>0.323482</td>\n",
       "      <td>0.292870</td>\n",
       "    </tr>\n",
       "    <tr>\n",
       "      <th>csco</th>\n",
       "      <td>0.195150</td>\n",
       "      <td>0.227441</td>\n",
       "      <td>0.107596</td>\n",
       "      <td>1.000000</td>\n",
       "      <td>0.254550</td>\n",
       "      <td>0.156830</td>\n",
       "      <td>0.282776</td>\n",
       "      <td>0.263197</td>\n",
       "      <td>0.312676</td>\n",
       "      <td>0.177887</td>\n",
       "      <td>0.192805</td>\n",
       "      <td>0.185352</td>\n",
       "      <td>0.355472</td>\n",
       "      <td>0.097168</td>\n",
       "      <td>0.158357</td>\n",
       "      <td>0.266945</td>\n",
       "      <td>0.227937</td>\n",
       "      <td>0.213818</td>\n",
       "    </tr>\n",
       "    <tr>\n",
       "      <th>fisv</th>\n",
       "      <td>0.097978</td>\n",
       "      <td>0.272167</td>\n",
       "      <td>0.034699</td>\n",
       "      <td>0.254550</td>\n",
       "      <td>1.000000</td>\n",
       "      <td>0.132116</td>\n",
       "      <td>0.210990</td>\n",
       "      <td>0.295819</td>\n",
       "      <td>0.335437</td>\n",
       "      <td>0.076295</td>\n",
       "      <td>0.111724</td>\n",
       "      <td>0.142672</td>\n",
       "      <td>0.308036</td>\n",
       "      <td>0.092751</td>\n",
       "      <td>0.545464</td>\n",
       "      <td>0.326090</td>\n",
       "      <td>0.205843</td>\n",
       "      <td>0.264701</td>\n",
       "    </tr>\n",
       "    <tr>\n",
       "      <th>ibm</th>\n",
       "      <td>-0.003489</td>\n",
       "      <td>0.060292</td>\n",
       "      <td>0.018412</td>\n",
       "      <td>0.156830</td>\n",
       "      <td>0.132116</td>\n",
       "      <td>1.000000</td>\n",
       "      <td>0.159492</td>\n",
       "      <td>-0.047482</td>\n",
       "      <td>0.062298</td>\n",
       "      <td>0.063924</td>\n",
       "      <td>0.188613</td>\n",
       "      <td>-0.012738</td>\n",
       "      <td>0.108141</td>\n",
       "      <td>0.007595</td>\n",
       "      <td>0.081642</td>\n",
       "      <td>0.047713</td>\n",
       "      <td>-0.014240</td>\n",
       "      <td>0.001999</td>\n",
       "    </tr>\n",
       "    <tr>\n",
       "      <th>intc</th>\n",
       "      <td>0.330248</td>\n",
       "      <td>0.241701</td>\n",
       "      <td>0.120259</td>\n",
       "      <td>0.282776</td>\n",
       "      <td>0.210990</td>\n",
       "      <td>0.159492</td>\n",
       "      <td>1.000000</td>\n",
       "      <td>0.303359</td>\n",
       "      <td>0.487778</td>\n",
       "      <td>0.268457</td>\n",
       "      <td>0.125161</td>\n",
       "      <td>0.150359</td>\n",
       "      <td>0.471297</td>\n",
       "      <td>0.262324</td>\n",
       "      <td>0.115695</td>\n",
       "      <td>0.238477</td>\n",
       "      <td>0.327655</td>\n",
       "      <td>0.170025</td>\n",
       "    </tr>\n",
       "    <tr>\n",
       "      <th>lrcx</th>\n",
       "      <td>0.400128</td>\n",
       "      <td>0.473281</td>\n",
       "      <td>0.357637</td>\n",
       "      <td>0.263197</td>\n",
       "      <td>0.295819</td>\n",
       "      <td>-0.047482</td>\n",
       "      <td>0.303359</td>\n",
       "      <td>1.000000</td>\n",
       "      <td>0.475168</td>\n",
       "      <td>0.631815</td>\n",
       "      <td>0.218558</td>\n",
       "      <td>0.236448</td>\n",
       "      <td>0.598254</td>\n",
       "      <td>0.455301</td>\n",
       "      <td>0.213495</td>\n",
       "      <td>0.509739</td>\n",
       "      <td>0.482680</td>\n",
       "      <td>0.523385</td>\n",
       "    </tr>\n",
       "    <tr>\n",
       "      <th>msft</th>\n",
       "      <td>0.439325</td>\n",
       "      <td>0.531335</td>\n",
       "      <td>0.230811</td>\n",
       "      <td>0.312676</td>\n",
       "      <td>0.335437</td>\n",
       "      <td>0.062298</td>\n",
       "      <td>0.487778</td>\n",
       "      <td>0.475168</td>\n",
       "      <td>1.000000</td>\n",
       "      <td>0.323485</td>\n",
       "      <td>0.262370</td>\n",
       "      <td>0.217861</td>\n",
       "      <td>0.516798</td>\n",
       "      <td>0.334313</td>\n",
       "      <td>0.323486</td>\n",
       "      <td>0.518518</td>\n",
       "      <td>0.490928</td>\n",
       "      <td>0.516571</td>\n",
       "    </tr>\n",
       "    <tr>\n",
       "      <th>mu</th>\n",
       "      <td>0.382313</td>\n",
       "      <td>0.319176</td>\n",
       "      <td>0.365708</td>\n",
       "      <td>0.177887</td>\n",
       "      <td>0.076295</td>\n",
       "      <td>0.063924</td>\n",
       "      <td>0.268457</td>\n",
       "      <td>0.631815</td>\n",
       "      <td>0.323485</td>\n",
       "      <td>1.000000</td>\n",
       "      <td>0.148895</td>\n",
       "      <td>0.140504</td>\n",
       "      <td>0.486620</td>\n",
       "      <td>0.452070</td>\n",
       "      <td>0.106660</td>\n",
       "      <td>0.429963</td>\n",
       "      <td>0.422674</td>\n",
       "      <td>0.401921</td>\n",
       "    </tr>\n",
       "    <tr>\n",
       "      <th>orcl</th>\n",
       "      <td>0.111107</td>\n",
       "      <td>0.197388</td>\n",
       "      <td>0.117800</td>\n",
       "      <td>0.192805</td>\n",
       "      <td>0.111724</td>\n",
       "      <td>0.188613</td>\n",
       "      <td>0.125161</td>\n",
       "      <td>0.218558</td>\n",
       "      <td>0.262370</td>\n",
       "      <td>0.148895</td>\n",
       "      <td>1.000000</td>\n",
       "      <td>0.072930</td>\n",
       "      <td>0.171933</td>\n",
       "      <td>0.084163</td>\n",
       "      <td>0.060512</td>\n",
       "      <td>0.318430</td>\n",
       "      <td>0.116686</td>\n",
       "      <td>0.277539</td>\n",
       "    </tr>\n",
       "    <tr>\n",
       "      <th>qcom</th>\n",
       "      <td>0.240806</td>\n",
       "      <td>0.206040</td>\n",
       "      <td>0.124652</td>\n",
       "      <td>0.185352</td>\n",
       "      <td>0.142672</td>\n",
       "      <td>-0.012738</td>\n",
       "      <td>0.150359</td>\n",
       "      <td>0.236448</td>\n",
       "      <td>0.217861</td>\n",
       "      <td>0.140504</td>\n",
       "      <td>0.072930</td>\n",
       "      <td>1.000000</td>\n",
       "      <td>0.239571</td>\n",
       "      <td>0.170761</td>\n",
       "      <td>0.124821</td>\n",
       "      <td>0.173351</td>\n",
       "      <td>0.293692</td>\n",
       "      <td>0.188151</td>\n",
       "    </tr>\n",
       "    <tr>\n",
       "      <th>txn</th>\n",
       "      <td>0.453152</td>\n",
       "      <td>0.401419</td>\n",
       "      <td>0.413137</td>\n",
       "      <td>0.355472</td>\n",
       "      <td>0.308036</td>\n",
       "      <td>0.108141</td>\n",
       "      <td>0.471297</td>\n",
       "      <td>0.598254</td>\n",
       "      <td>0.516798</td>\n",
       "      <td>0.486620</td>\n",
       "      <td>0.171933</td>\n",
       "      <td>0.239571</td>\n",
       "      <td>1.000000</td>\n",
       "      <td>0.524322</td>\n",
       "      <td>0.241448</td>\n",
       "      <td>0.488921</td>\n",
       "      <td>0.565716</td>\n",
       "      <td>0.488506</td>\n",
       "    </tr>\n",
       "    <tr>\n",
       "      <th>nvda</th>\n",
       "      <td>0.339320</td>\n",
       "      <td>0.317371</td>\n",
       "      <td>0.535992</td>\n",
       "      <td>0.097168</td>\n",
       "      <td>0.092751</td>\n",
       "      <td>0.007595</td>\n",
       "      <td>0.262324</td>\n",
       "      <td>0.455301</td>\n",
       "      <td>0.334313</td>\n",
       "      <td>0.452070</td>\n",
       "      <td>0.084163</td>\n",
       "      <td>0.170761</td>\n",
       "      <td>0.524322</td>\n",
       "      <td>1.000000</td>\n",
       "      <td>0.131989</td>\n",
       "      <td>0.390138</td>\n",
       "      <td>0.429880</td>\n",
       "      <td>0.380913</td>\n",
       "    </tr>\n",
       "    <tr>\n",
       "      <th>fis</th>\n",
       "      <td>0.103815</td>\n",
       "      <td>0.264418</td>\n",
       "      <td>0.096874</td>\n",
       "      <td>0.158357</td>\n",
       "      <td>0.545464</td>\n",
       "      <td>0.081642</td>\n",
       "      <td>0.115695</td>\n",
       "      <td>0.213495</td>\n",
       "      <td>0.323486</td>\n",
       "      <td>0.106660</td>\n",
       "      <td>0.060512</td>\n",
       "      <td>0.124821</td>\n",
       "      <td>0.241448</td>\n",
       "      <td>0.131989</td>\n",
       "      <td>1.000000</td>\n",
       "      <td>0.291225</td>\n",
       "      <td>0.165761</td>\n",
       "      <td>0.264414</td>\n",
       "    </tr>\n",
       "    <tr>\n",
       "      <th>crm</th>\n",
       "      <td>0.362135</td>\n",
       "      <td>0.548691</td>\n",
       "      <td>0.274431</td>\n",
       "      <td>0.266945</td>\n",
       "      <td>0.326090</td>\n",
       "      <td>0.047713</td>\n",
       "      <td>0.238477</td>\n",
       "      <td>0.509739</td>\n",
       "      <td>0.518518</td>\n",
       "      <td>0.429963</td>\n",
       "      <td>0.318430</td>\n",
       "      <td>0.173351</td>\n",
       "      <td>0.488921</td>\n",
       "      <td>0.390138</td>\n",
       "      <td>0.291225</td>\n",
       "      <td>1.000000</td>\n",
       "      <td>0.423266</td>\n",
       "      <td>0.701105</td>\n",
       "    </tr>\n",
       "    <tr>\n",
       "      <th>avgo</th>\n",
       "      <td>0.548736</td>\n",
       "      <td>0.432599</td>\n",
       "      <td>0.323482</td>\n",
       "      <td>0.227937</td>\n",
       "      <td>0.205843</td>\n",
       "      <td>-0.014240</td>\n",
       "      <td>0.327655</td>\n",
       "      <td>0.482680</td>\n",
       "      <td>0.490928</td>\n",
       "      <td>0.422674</td>\n",
       "      <td>0.116686</td>\n",
       "      <td>0.293692</td>\n",
       "      <td>0.565716</td>\n",
       "      <td>0.429880</td>\n",
       "      <td>0.165761</td>\n",
       "      <td>0.423266</td>\n",
       "      <td>1.000000</td>\n",
       "      <td>0.368378</td>\n",
       "    </tr>\n",
       "    <tr>\n",
       "      <th>now</th>\n",
       "      <td>0.294678</td>\n",
       "      <td>0.480255</td>\n",
       "      <td>0.292870</td>\n",
       "      <td>0.213818</td>\n",
       "      <td>0.264701</td>\n",
       "      <td>0.001999</td>\n",
       "      <td>0.170025</td>\n",
       "      <td>0.523385</td>\n",
       "      <td>0.516571</td>\n",
       "      <td>0.401921</td>\n",
       "      <td>0.277539</td>\n",
       "      <td>0.188151</td>\n",
       "      <td>0.488506</td>\n",
       "      <td>0.380913</td>\n",
       "      <td>0.264414</td>\n",
       "      <td>0.701105</td>\n",
       "      <td>0.368378</td>\n",
       "      <td>1.000000</td>\n",
       "    </tr>\n",
       "  </tbody>\n",
       "</table>\n",
       "</div>"
      ],
      "text/plain": [
       "          aapl      adbe       amd      csco      fisv       ibm      intc  \\\n",
       "aapl  1.000000  0.262772  0.295504  0.195150  0.097978 -0.003489  0.330248   \n",
       "adbe  0.262772  1.000000  0.205476  0.227441  0.272167  0.060292  0.241701   \n",
       "amd   0.295504  0.205476  1.000000  0.107596  0.034699  0.018412  0.120259   \n",
       "csco  0.195150  0.227441  0.107596  1.000000  0.254550  0.156830  0.282776   \n",
       "fisv  0.097978  0.272167  0.034699  0.254550  1.000000  0.132116  0.210990   \n",
       "ibm  -0.003489  0.060292  0.018412  0.156830  0.132116  1.000000  0.159492   \n",
       "intc  0.330248  0.241701  0.120259  0.282776  0.210990  0.159492  1.000000   \n",
       "lrcx  0.400128  0.473281  0.357637  0.263197  0.295819 -0.047482  0.303359   \n",
       "msft  0.439325  0.531335  0.230811  0.312676  0.335437  0.062298  0.487778   \n",
       "mu    0.382313  0.319176  0.365708  0.177887  0.076295  0.063924  0.268457   \n",
       "orcl  0.111107  0.197388  0.117800  0.192805  0.111724  0.188613  0.125161   \n",
       "qcom  0.240806  0.206040  0.124652  0.185352  0.142672 -0.012738  0.150359   \n",
       "txn   0.453152  0.401419  0.413137  0.355472  0.308036  0.108141  0.471297   \n",
       "nvda  0.339320  0.317371  0.535992  0.097168  0.092751  0.007595  0.262324   \n",
       "fis   0.103815  0.264418  0.096874  0.158357  0.545464  0.081642  0.115695   \n",
       "crm   0.362135  0.548691  0.274431  0.266945  0.326090  0.047713  0.238477   \n",
       "avgo  0.548736  0.432599  0.323482  0.227937  0.205843 -0.014240  0.327655   \n",
       "now   0.294678  0.480255  0.292870  0.213818  0.264701  0.001999  0.170025   \n",
       "\n",
       "          lrcx      msft        mu      orcl      qcom       txn      nvda  \\\n",
       "aapl  0.400128  0.439325  0.382313  0.111107  0.240806  0.453152  0.339320   \n",
       "adbe  0.473281  0.531335  0.319176  0.197388  0.206040  0.401419  0.317371   \n",
       "amd   0.357637  0.230811  0.365708  0.117800  0.124652  0.413137  0.535992   \n",
       "csco  0.263197  0.312676  0.177887  0.192805  0.185352  0.355472  0.097168   \n",
       "fisv  0.295819  0.335437  0.076295  0.111724  0.142672  0.308036  0.092751   \n",
       "ibm  -0.047482  0.062298  0.063924  0.188613 -0.012738  0.108141  0.007595   \n",
       "intc  0.303359  0.487778  0.268457  0.125161  0.150359  0.471297  0.262324   \n",
       "lrcx  1.000000  0.475168  0.631815  0.218558  0.236448  0.598254  0.455301   \n",
       "msft  0.475168  1.000000  0.323485  0.262370  0.217861  0.516798  0.334313   \n",
       "mu    0.631815  0.323485  1.000000  0.148895  0.140504  0.486620  0.452070   \n",
       "orcl  0.218558  0.262370  0.148895  1.000000  0.072930  0.171933  0.084163   \n",
       "qcom  0.236448  0.217861  0.140504  0.072930  1.000000  0.239571  0.170761   \n",
       "txn   0.598254  0.516798  0.486620  0.171933  0.239571  1.000000  0.524322   \n",
       "nvda  0.455301  0.334313  0.452070  0.084163  0.170761  0.524322  1.000000   \n",
       "fis   0.213495  0.323486  0.106660  0.060512  0.124821  0.241448  0.131989   \n",
       "crm   0.509739  0.518518  0.429963  0.318430  0.173351  0.488921  0.390138   \n",
       "avgo  0.482680  0.490928  0.422674  0.116686  0.293692  0.565716  0.429880   \n",
       "now   0.523385  0.516571  0.401921  0.277539  0.188151  0.488506  0.380913   \n",
       "\n",
       "           fis       crm      avgo       now  \n",
       "aapl  0.103815  0.362135  0.548736  0.294678  \n",
       "adbe  0.264418  0.548691  0.432599  0.480255  \n",
       "amd   0.096874  0.274431  0.323482  0.292870  \n",
       "csco  0.158357  0.266945  0.227937  0.213818  \n",
       "fisv  0.545464  0.326090  0.205843  0.264701  \n",
       "ibm   0.081642  0.047713 -0.014240  0.001999  \n",
       "intc  0.115695  0.238477  0.327655  0.170025  \n",
       "lrcx  0.213495  0.509739  0.482680  0.523385  \n",
       "msft  0.323486  0.518518  0.490928  0.516571  \n",
       "mu    0.106660  0.429963  0.422674  0.401921  \n",
       "orcl  0.060512  0.318430  0.116686  0.277539  \n",
       "qcom  0.124821  0.173351  0.293692  0.188151  \n",
       "txn   0.241448  0.488921  0.565716  0.488506  \n",
       "nvda  0.131989  0.390138  0.429880  0.380913  \n",
       "fis   1.000000  0.291225  0.165761  0.264414  \n",
       "crm   0.291225  1.000000  0.423266  0.701105  \n",
       "avgo  0.165761  0.423266  1.000000  0.368378  \n",
       "now   0.264414  0.701105  0.368378  1.000000  "
      ]
     },
     "execution_count": 246,
     "metadata": {},
     "output_type": "execute_result"
    }
   ],
   "source": [
    "stocks.pct_change(1).corr()"
   ]
  },
  {
   "cell_type": "code",
   "execution_count": 219,
   "metadata": {},
   "outputs": [
    {
     "data": {
